# 1 yaw   2 pitch   3 maxang   4 error   5 righterror   6 downerror
5 5 7.066580  0.999935  0.999964  0.999955 
5 10 11.168952  0.998881  0.999690  0.999165 
5 15 15.793215  0.997146  0.999427  0.997481 
5 20 20.590670  0.999848  0.999991  0.999828 
5 25 25.463543  0.998750  0.999982  0.998712 
5 30 30.375507  0.998774  0.999839  0.998881 
5 35 35.310173  0.999688  0.999958  0.999670 
5 40 40.259132  0.995953  0.999961  0.995868 
5 45 45.217613  0.999779  0.999988  0.999756 
5 50 50.182705  0.999477  0.999901  0.999507 
5 55 55.152523  0.999490  0.999977  0.999425 
5 60 60.125801  0.988060  0.999765  0.987475 
5 65 65.101631  0.998732  0.999901  0.998724 
5 70 70.079338  0.999771  0.999983  0.999730 
5 75 75.058411  0.693403  0.999867  0.688522 
5 80 80.038437  0.000000  -0.998719  0.998713 

10 5 11.168952  0.999808  0.999867  0.999929 
10 10 14.106045  0.999827  0.999844  0.999970 
10 15 17.963856  0.999647  0.999697  0.999892 
10 20 22.268744  0.999917  0.999941  0.999954 
10 25 26.805962  0.999886  0.999910  0.999934 
10 30 31.474947  0.999919  0.999915  0.999979 
10 35 36.224537  0.999704  0.999989  0.999660 
10 40 41.026455  0.999771  0.999952  0.999801 
10 45 45.863972  0.999902  0.999980  0.999864 
10 50 50.726547  0.999908  0.999940  0.999920 
10 55 55.607258  0.998911  0.999945  0.998901 
10 60 60.501297  0.999387  0.999711  0.999402 
10 65 65.405235  0.999237  0.999989  0.999191 
10 70 70.316505  0.996525  0.999949  0.995729 
10 75 75.233109  0.999682  0.999944  0.999485 
10 80 80.153442  0.997316  0.999908  0.997244 

15 5 15.793215  0.997813  0.998243  0.999496 
15 10 17.963856  0.998583  0.998592  0.999976 
15 15 21.090578  0.999884  0.999953  0.999900 
15 20 24.814211  0.999484  0.999978  0.999416 
15 25 28.904554  0.999855  0.999873  0.999940 
15 30 33.225948  0.999665  0.999638  0.999816 
15 35 37.698448  0.999710  0.999890  0.999743 
15 40 42.273514  0.999802  0.999777  0.999889 
15 45 46.920483  0.999876  0.999973  0.999819 
15 50 51.619194  0.999116  0.999830  0.999156 
15 55 56.355915  0.999796  0.999862  0.999841 
15 60 61.120911  0.999906  0.999925  0.999745 
15 65 65.907066  0.998812  0.999863  0.998789 
15 70 70.709000  0.999823  0.999907  0.999832 
15 75 75.522484  0.999878  0.999915  0.999604 
15 80 80.344063  0.998550  0.999807  0.998521 

20 5 20.590670  0.998937  0.998945  0.999987 
20 10 22.268744  0.999589  0.999598  0.999934 
20 15 24.814211  0.999867  0.999881  0.999976 
20 20 27.990887  0.999654  0.999840  0.999745 
20 25 31.608334  0.999997  0.999994  0.999995 
20 30 35.531345  0.999946  1.000000  0.999906 
20 35 39.668453  0.999630  0.999997  0.999376 
20 40 43.958206  0.999684  0.999998  0.999478 
20 45 48.358860  0.999937  0.999998  0.999914 
20 50 52.841450  0.999685  0.999595  0.999736 
20 55 57.385395  0.999907  0.999962  0.999683 
20 60 61.975685  0.999968  0.999899  0.999729 
20 65 66.601036  0.999949  0.999898  0.999922 
20 70 71.252762  0.999475  0.999913  0.998546 
20 75 75.923904  0.999660  0.999843  0.998718 
20 80 80.608711  0.999983  0.999997  0.999982 

25 5 25.463551  0.999891  0.999895  0.999991 
25 10 26.805954  0.996741  0.996676  0.999822 
25 15 28.904554  0.999678  0.999674  0.999993 
25 20 31.608326  0.999677  0.999655  0.999933 
25 25 34.775440  0.999918  0.999984  0.999887 
25 30 38.289909  0.999930  0.999935  0.999951 
25 35 42.063408  0.998907  0.999952  0.997920 
25 40 46.030762  0.999962  0.999997  0.999881 
25 45 50.144291  0.999961  0.999943  0.999945 
25 50 54.368958  0.999998  0.999999  0.999997 
25 55 58.678696  0.999992  0.999983  0.999944 
25 60 63.053787  0.999535  0.999436  0.999587 
25 65 67.478989  0.999841  0.999877  0.999874 
25 70 71.942245  0.999980  0.999945  0.999947 
25 75 76.433739  0.999830  0.999801  0.999805 
25 80 80.945221  0.999990  0.999960  0.999953 

30 5 30.375507  0.999925  0.999992  0.999801 
30 10 31.474947  0.995475  0.996086  0.998238 
30 15 33.225941  0.998881  0.999309  0.998996 
30 20 35.531345  0.999924  0.999955  0.999921 
30 25 38.289902  0.999953  0.999977  0.999949 
30 30 41.409622  0.999164  0.999192  0.999694 
30 35 44.813358  0.999999  0.999998  0.999999 
30 40 48.439240  0.999996  0.999997  0.999951 
30 45 52.238758  0.999992  0.999992  1.000000 
30 50 56.174156  0.999678  0.999989  0.998564 
30 55 60.215992  0.999960  0.999939  0.999672 
30 60 64.341095  0.999789  0.999857  0.999812 
30 65 68.530983  0.999882  0.999851  0.999857 
30 70 72.770607  0.999904  0.999968  0.999872 
30 75 77.047462  0.999941  0.999970  0.999938 
30 80 81.350830  0.999976  0.999997  0.999949 

35 5 35.310181  0.000000  0.991212  -0.955095 
35 10 36.224537  0.988167  0.988297  0.999554 
35 15 37.698444  0.997178  0.997595  0.997476 
35 20 39.668453  0.997085  0.997844  0.996164 
35 25 42.063408  0.997803  0.997831  0.999554 
35 30 44.813358  0.999549  0.999538  0.999845 
35 35 47.854931  0.998190  0.998170  0.999199 
35 40 51.133575  0.999818  0.999773  0.999847 
35 45 54.603737  0.999745  0.999757  0.999885 
35 50 58.227974  0.999399  0.999975  0.996514 
35 55 61.975685  0.999996  0.999994  0.999994 
35 60 65.821800  0.999999  0.999999  0.999999 
35 65 69.745636  0.999626  0.999752  0.999596 
35 70 73.729858  0.999647  0.999657  0.999684 
35 75 77.759705  0.999995  0.999996  0.999867 
35 80 81.822266  0.999982  0.999888  0.999598 

40 5 40.259136  0.916340  0.915977  0.998850 
40 10 41.026455  0.996079  0.996111  0.998742 
40 15 42.273514  0.938115  0.933606  0.984311 
40 20 43.958202  0.981749  0.982319  0.996273 
40 25 46.030758  0.995515  0.995724  0.998556 
40 30 48.439240  0.997516  0.997651  0.998996 
40 35 51.133575  0.998525  0.998570  0.999440 
40 40 54.068039  0.999198  0.999240  0.999572 
40 45 57.202248  0.999911  0.999918  0.999952 
40 50 60.501297  0.999973  0.999961  0.999938 
40 55 63.935349  0.999994  0.999996  0.999961 
40 60 67.478989  0.999995  0.999988  0.999902 
40 65 71.110481  0.999425  0.999521  0.999422 
40 70 74.811073  0.999959  0.999947  0.999927 
40 75 78.564369  0.999895  0.999890  0.999893 
40 80 82.355728  0.999817  0.999868  0.999698 

45 5 45.217613  0.999051  0.999067  0.999680 
45 10 45.863968  0.000000  0.991905  -0.984099 
45 15 46.920483  0.974641  0.973289  0.994619 
45 20 48.358856  0.979779  0.979588  0.994814 
45 25 50.144287  0.978760  0.978767  0.992889 
45 30 52.238758  0.986674  0.986683  0.994074 
45 35 54.603745  0.995705  0.995820  0.997902 
45 40 57.202248  0.996772  0.996833  0.997844 
45 45 60.000000  0.998410  0.998454  0.998932 
45 50 62.965984  0.999476  0.999489  0.999665 
45 55 66.072540  0.999987  0.999987  0.999936 
45 60 69.295197  0.999956  0.999957  0.999967 
45 65 72.612289  0.999980  0.999980  0.999987 
45 70 76.004555  0.999761  0.999760  0.999769 
45 75 79.454712  0.999398  0.999395  0.999354 
45 80 82.946976  0.999884  0.999884  0.999826 

50 5 50.182701  0.997965  0.997965  0.999990 
50 10 50.726547  0.000000  0.993929  -0.958090 
50 15 51.619194  0.000000  0.992857  -0.928086 
50 20 52.841442  0.855933  0.840814  0.963762 
50 25 54.368954  0.970037  0.967459  0.988019 
50 30 56.174152  0.989830  0.985828  0.987300 
50 35 58.227970  0.989036  0.988077  0.992884 
50 40 60.501293  0.995337  0.990604  0.978146 
50 45 62.965981  0.996116  0.995772  0.996636 
50 50 65.595497  0.999502  0.999478  0.999552 
50 55 68.365288  0.999596  0.999606  0.999639 
50 60 71.252762  0.999997  0.999999  0.999972 
50 65 74.237305  0.999987  0.999987  0.999991 
50 70 77.299995  0.999655  0.999556  0.999468 
50 75 80.423424  0.999933  0.999891  0.999739 
50 80 83.591354  0.999865  0.999908  0.999749 

55 5 55.152519  0.000000  0.992898  -0.912310 
55 10 55.607254  0.972479  0.971645  0.997593 
55 15 56.355911  0.000000  0.994862  -0.944535 
55 20 57.385391  0.887860  0.869888  0.964810 
55 25 58.678696  0.922597  0.905019  0.962947 
55 30 60.215992  0.961271  0.937763  0.961732 
55 35 61.975681  0.978913  0.973670  0.983299 
55 40 63.935349  0.985255  0.981930  0.987517 
55 45 66.072533  0.993851  0.992264  0.993743 
55 50 68.365288  0.998308  0.997956  0.998110 
55 55 70.792526  0.998439  0.997996  0.998309 
55 60 73.334236  0.999982  0.999984  0.999982 
55 65 75.971542  1.000000  0.999993  0.999958 
55 70 78.686646  0.999866  0.999751  0.999657 
55 75 81.462746  0.999935  0.999976  0.999871 
55 80 84.283836  0.999988  0.999999  0.999936 

60 5 60.125805  0.578668  0.081681  0.020340 
60 10 60.501297  0.000000  -0.031554  0.031675 
60 15 61.120907  0.000000  -0.026796  0.025905 
60 20 61.975685  0.000000  0.992813  -0.836553 
60 25 63.053787  0.000000  0.994214  -0.793929 
60 30 64.341095  0.000000  0.993209  -0.814372 
60 35 65.821800  0.952761  0.873712  0.902144 
60 40 67.478989  0.970786  0.950950  0.962294 
60 45 69.295189  0.988894  0.982779  0.985935 
60 50 71.252769  0.999514  0.996365  0.989158 
60 55 73.334236  0.998640  0.997864  0.998026 
60 60 75.522491  0.999688  0.999636  0.999661 
60 65 77.800926  0.999900  0.999813  0.999814 
60 70 80.153450  0.999998  0.999998  0.999999 
60 75 82.564529  0.999934  0.999836  0.999801 
60 80 85.019073  0.998064  0.996149  0.995856 

65 5 65.101631  0.000000  -0.003964  0.003847 
65 10 65.405235  0.000000  -0.020808  0.020694 
65 15 65.907066  0.000000  -0.017349  0.016392 
65 20 66.601044  0.000000  -0.062223  0.064203 
65 25 67.478989  0.000000  -0.147729  0.151255 
65 30 68.530983  0.000000  -0.103662  0.105469 
65 35 69.745636  0.000000  0.994035  -0.740991 
65 40 71.110481  0.975730  0.890120  0.895838 
65 45 72.612289  0.985256  0.969150  0.973259 
65 50 74.237305  0.993329  0.986400  0.987811 
65 55 75.971542  0.999664  0.995772  0.990128 
65 60 77.800926  0.999310  0.998733  0.998799 
65 65 79.711418  0.999943  0.999972  0.999949 
65 70 81.689133  0.999964  0.999841  0.999801 
65 75 83.720329  0.999854  0.999666  0.999663 
65 80 85.791458  0.999564  0.997738  0.997099 

70 5 70.079338  0.000000  -0.006185  0.006221 
70 10 70.316505  0.000000  -0.023320  0.023624 
70 15 70.709007  0.000000  -0.020382  0.019806 
70 20 71.252762  0.000000  -0.029338  0.029586 
70 25 71.942245  0.000000  -0.058674  0.059593 
70 30 72.770607  0.000000  -0.234630  0.236180 
70 35 73.729858  0.000000  0.992213  -0.546896 
70 40 74.811073  0.000000  0.994624  -0.672541 
70 45 76.004555  0.000000  -0.607039  0.540791 
70 50 77.299995  0.997091  0.975727  0.973225 
70 55 78.686646  0.997792  0.994168  0.994468 
70 60 80.153450  0.999292  0.998090  0.998104 
70 65 81.689133  0.999879  0.999700  0.999712 
70 70 83.282288  0.999656  0.998672  0.998669 
70 75 84.921455  0.999643  0.998727  0.998720 
70 80 86.595131  0.999875  0.999336  0.998330 

75 5 75.058411  0.898580  0.090304  0.091755 
75 10 75.233109  0.000000  -0.021229  0.020953 
75 15 75.522491  0.894202  0.256703  0.049097 
75 20 75.923904  0.000000  0.010010  -0.010056 
75 25 76.433739  0.000000  -0.137324  0.138487 
75 30 77.047462  0.000000  -0.264591  0.250232 
75 35 77.759705  0.000000  -0.428023  0.408508 
75 40   -1 -1 -1
75 45 79.454712  0.000000  -0.576583  0.563896 
75 50 80.423424  0.000000  -0.659731  0.651663 
75 55 81.462746  0.997710  0.987958  0.988313 
75 60 82.564529  0.998915  0.994066  0.994165 
75 65 83.720329  0.999843  0.998969  0.998850 
75 70 84.921455  0.999874  0.999996  0.999839 
75 75 86.159035  0.999895  0.998668  0.998576 
75 80 87.424065  0.999852  0.999730  0.999711 

80 5 80.038437  0.952721  0.092884  0.013625 
80 10 80.153442  0.000000  -0.047790  0.048064 
80 15 80.344063  0.000000  -0.011083  0.011088 
80 20 80.608711  0.000000  -0.144992  0.145472 
80 25 80.945221  0.000000  -0.081128  0.081173 
80 30 81.350838  0.000000  -0.249744  0.251122 
80 35 81.822266  0.000000  -0.197556  0.198245 
80 40   -1 -1 -1
80 45   -1 -1 -1
80 50 83.591354  0.000000  -0.615745  0.785796 
80 55   -1 -1 -1
80 60 85.019073  0.999860  0.998985  0.999021 
80 65 85.791458  0.999268  0.993671  0.993705 
80 70 86.595131  0.999932  0.998294  0.998239 
80 75 87.424065  0.998437  0.980946  0.980960 
80 80 88.272057  0.999981  0.999907  0.999906 

